<?xml version="1.0" encoding="UTF-8" standalone="no"?>
<!-- Created with Inkscape (http://www.inkscape.org/) -->

<svg
   version="1.1"
   id="svg1"
   width="104.8695"
   height="192.72905"
   viewBox="0 0 104.8695 192.72905"
   xmlns="http://www.w3.org/2000/svg"
   xmlns:svg="http://www.w3.org/2000/svg">
  <defs
     id="defs1" />
  <g
     id="g1"
     transform="translate(121.64958,4.3218393)">
    <path
       style="fill:#040404;stroke:none"
       d="m -79.703781,57.740538 h -0.333333 C -84.50655,47.00535 -88.858662,36.609435 -92.084182,25.407205 c -0.578336,-2.008565 -2.612429,-9.439087 -5.838475,-8.125773 -1.996958,0.812958 -1.695432,5.067505 -1.922584,6.79244 -0.942409,7.156382 0.212348,15.361582 1.932871,22.333333 1.288989,5.223124 2.759666,10.96932 6.599795,14.970164 3.894014,4.056986 9.821159,5.739624 12.347218,11.029836 2.560781,5.362925 2.594909,11.85081 2.594909,17.666667 0,9.590313 -0.580088,19.122018 -1.333333,28.666668 h -0.333333 c -0.915863,-2.41985 -2.483546,-4.5179 -3.332303,-7 -1.795894,-5.2519 -2.767243,-10.73859 -5.437243,-15.666665 -3.86233,-7.128777 -9.426778,-13.295942 -15.56379,-18.524173 -4.2758,-3.642639 -8.96431,-6.891938 -14,-9.39327 -1.53223,-0.761098 -5.31975,-2.652273 -5.2788,0.585653 0.0302,2.39035 2.39817,4.825419 3.7091,6.66512 3.62401,5.085765 7.23773,10.148214 11.55659,14.666667 5.55358,5.810243 12.331246,11.548658 17.02443,18.056588 4.863014,6.74343 8.061714,15.71031 8.625513,23.94342 0.944153,13.78738 -2.509811,28.50301 -6.303497,41.66666 -1.561935,5.41974 -5.755376,11.65583 1,14.66667 1.122887,-4.7384 3.350123,-9.36674 4.888888,-14 3.462166,-10.42469 6.889997,-20.91597 12.038068,-30.66667 4.627868,-8.76541 11.307494,-16.67326 15.439299,-25.66666 3.123327,-6.79833 4.549744,-15.03364 6.033432,-22.333345 1.591512,-7.830187 3.550827,-15.69597 4.291926,-23.666663 0.18072,-1.943665 1.421885,-7.03417 -1.363424,-7.703186 -1.819325,-0.436992 -2.47617,2.117085 -2.880147,3.369852 -1.532928,4.753744 -3.96496,9.205424 -6.197016,13.666667 -4.618677,9.231425 -10.302073,18.608655 -12.956273,28.666675 -2.667968,10.11018 -2.395324,21.97255 -7.294753,31.33333 -1.966339,-2.57965 -1.38147,-5.95342 -1.055298,-9 0.570943,-5.33291 1.132192,-10.66485 1.665639,-16 1.111445,-11.11587 1.316182,-22.595566 4.732508,-33.333338 4.373825,-13.747254 14.265116,-25.290477 24.657149,-34.970164 6.73704,-6.275228 14.840799,-10.807231 21.665384,-16.974538 1.94356,-1.756379 6.14542,-5.637787 5.53086,-8.671296 -0.36209,-1.787312 -3.23382,-0.299011 -4.19624,0.08282 -4.105575,1.628825 -8.152552,3.556417 -12.000004,5.725057 -3.843475,2.166402 -8.116012,3.793966 -11.666666,6.440074 -9.178197,6.839996 -14.937556,16.233327 -20.474792,26.034718 -1.687001,2.986135 -3.241729,6.05951 -5.009516,8.999746 -0.476995,0.793355 -1.52741,2.790538 -2.682612,1.818156 -2.528666,-2.128484 -0.178294,-10.419927 0.367025,-13.15124 1.481445,-7.420034 2.239664,-14.893127 3.49357,-22.333333 0.7874,-4.67214 2.429001,-9.55066 1.915121,-14.333334 -0.901484,-8.390096 -8.335195,-13.9648025 -13.577672,-19.6666658 -1.266276,-1.37723803 -5.076695,-10.0158692 -6.916152,-4.6651205 -0.900783,2.62025957 0.316683,5.8595581 1.201644,8.3317868 1.443126,4.031515 2.811959,8.1636355 3.798612,12.3333335 3.058014,12.923462 2.884773,26.44636 2.884773,39.666666 z"
       id="path1" />
  </g>
</svg>
